# unix_time, cycles_done, cur_path, paths_total, pending_total, pending_favs, map_size, unique_crashes, unique_hangs, max_depth, execs_per_sec
1569728067, 0, 0, 1, 1, 1, 0.17%, 0, 0, 1, 18.43
1569728097, 0, 0, 5, 5, 1, 0.19%, 0, 0, 2, 15.99
1569728102, 0, 0, 8, 8, 1, 0.19%, 0, 0, 2, 14.87
1569728112, 0, 0, 10, 10, 1, 0.19%, 0, 0, 2, 16.28
1569728128, 0, 0, 11, 11, 1, 0.19%, 0, 0, 2, 16.62
1569728133, 0, 0, 12, 12, 1, 0.19%, 0, 0, 2, 16.45
1569728138, 0, 0, 13, 13, 1, 0.19%, 0, 0, 2, 15.34
1569728143, 0, 0, 14, 14, 1, 0.20%, 0, 0, 2, 16.00
1569728159, 0, 0, 15, 15, 1, 0.20%, 0, 0, 2, 15.48
1569728169, 0, 0, 16, 16, 1, 0.20%, 0, 0, 2, 16.13
1569728210, 0, 0, 17, 17, 1, 0.20%, 0, 0, 2, 16.74
1569728215, 0, 0, 18, 18, 1, 0.20%, 0, 0, 2, 16.36
1569728240, 0, 0, 19, 19, 1, 0.20%, 0, 0, 2, 16.70
1569728256, 0, 0, 21, 21, 1, 0.21%, 0, 0, 2, 15.31
1569728276, 0, 0, 22, 22, 1, 0.23%, 0, 0, 2, 15.67
1569728286, 0, 0, 23, 23, 1, 0.23%, 0, 0, 2, 16.71
1569728327, 0, 0, 24, 24, 1, 0.23%, 0, 0, 2, 16.69
1569728342, 0, 0, 25, 25, 1, 0.23%, 0, 0, 2, 16.59
1569728378, 0, 0, 26, 26, 1, 0.23%, 0, 0, 2, 15.45
1569728384, 0, 0, 27, 27, 1, 0.23%, 0, 0, 2, 16.45
1569728394, 0, 0, 28, 28, 1, 0.23%, 0, 0, 2, 15.98
1569728445, 0, 0, 29, 29, 1, 0.23%, 0, 0, 2, 15.74
1569728527, 0, 0, 30, 30, 1, 0.23%, 0, 0, 2, 15.65
1569728547, 0, 0, 31, 31, 1, 0.23%, 0, 0, 2, 16.79
1569728644, 0, 0, 32, 32, 1, 0.23%, 0, 0, 2, 15.74
1569728919, 0, 0, 33, 33, 1, 0.24%, 0, 0, 2, 16.82
1569729119, 0, 0, 34, 34, 1, 0.24%, 0, 0, 2, 16.73
1569729512, 0, 0, 35, 35, 1, 0.24%, 0, 0, 2, 16.70
1569729542, 0, 0, 36, 36, 1, 0.24%, 0, 0, 2, 16.40
1569729578, 0, 0, 37, 37, 1, 0.24%, 0, 0, 2, 12.10
1569729583, 0, 0, 38, 38, 1, 0.24%, 0, 0, 2, 15.66
1569739436, 0, 0, 39, 39, 1, 0.24%, 0, 0, 2, 14.64
1569740573, 0, 0, 43, 43, 1, 0.25%, 0, 0, 2, 15.06
1569740578, 0, 0, 50, 50, 1, 0.25%, 0, 0, 2, 14.46
1569740583, 0, 0, 55, 55, 1, 0.25%, 0, 0, 2, 14.18
1569740588, 0, 0, 61, 61, 1, 0.25%, 0, 0, 2, 14.15
1569740593, 0, 0, 64, 64, 1, 0.25%, 0, 0, 2, 14.00
1569740598, 0, 0, 70, 70, 1, 0.25%, 0, 0, 2, 14.39
1569740603, 0, 0, 71, 71, 1, 0.25%, 0, 0, 2, 13.90
1569740609, 0, 0, 75, 75, 1, 0.25%, 0, 0, 2, 14.00
1569740614, 0, 0, 77, 77, 1, 0.25%, 1, 0, 2, 13.92
1569740619, 0, 0, 80, 80, 1, 0.25%, 1, 0, 2, 14.07
1569740624, 0, 0, 82, 82, 1, 0.25%, 2, 0, 2, 13.60
1569740629, 0, 0, 85, 85, 1, 0.25%, 2, 0, 2, 13.90
1569740634, 0, 0, 86, 86, 1, 0.25%, 3, 0, 2, 13.37
1569740644, 0, 0, 87, 87, 1, 0.25%, 3, 0, 2, 13.85
1569740650, 0, 0, 88, 88, 1, 0.25%, 3, 0, 2, 13.68
1569740660, 0, 0, 89, 89, 1, 0.25%, 4, 0, 2, 14.09
1569740665, 0, 0, 90, 90, 1, 0.25%, 4, 0, 2, 14.58
1569740696, 0, 0, 92, 92, 1, 0.25%, 4, 0, 2, 14.92
1569740706, 0, 0, 93, 93, 1, 0.25%, 4, 0, 2, 13.90
1569740711, 0, 0, 94, 94, 1, 0.25%, 4, 0, 2, 14.25
1569740716, 0, 0, 95, 95, 1, 0.25%, 4, 0, 2, 14.45
1569740721, 0, 0, 96, 96, 1, 0.25%, 4, 0, 2, 14.17
1569740726, 0, 0, 97, 97, 1, 0.25%, 4, 0, 2, 14.20
1569740737, 0, 0, 99, 99, 1, 0.25%, 4, 0, 2, 14.03
1569740747, 0, 0, 100, 100, 1, 0.25%, 4, 0, 2, 14.06
1569740767, 0, 0, 101, 101, 1, 0.25%, 4, 0, 2, 13.89
1569740772, 0, 0, 103, 103, 1, 0.25%, 4, 0, 2, 13.67
1569740783, 0, 0, 104, 104, 1, 0.25%, 4, 0, 2, 13.67
1569740798, 0, 0, 104, 104, 1, 0.25%, 5, 0, 2, 14.67
1569740839, 0, 19, 104, 103, 11, 0.25%, 5, 0, 2, 13.29
1569753213, 0, 24, 104, 102, 10, 0.25%, 5, 0, 2, 14.03
1569765219, 0, 63, 104, 101, 9, 0.25%, 5, 0, 2, 14.72
1569771213, 0, 63, 105, 102, 9, 0.25%, 5, 0, 3, 15.43
1569771218, 0, 63, 110, 107, 9, 0.25%, 5, 0, 3, 14.95
1569771223, 0, 63, 114, 111, 9, 0.25%, 5, 0, 3, 14.80
1569771228, 0, 63, 117, 114, 9, 0.25%, 5, 0, 3, 14.53
1569771233, 0, 63, 118, 115, 9, 0.25%, 5, 0, 3, 14.40
1569771244, 0, 63, 119, 116, 9, 0.25%, 6, 0, 3, 14.61
1569771249, 0, 63, 120, 117, 9, 0.25%, 6, 0, 3, 14.98
1569771254, 0, 63, 121, 118, 9, 0.25%, 6, 0, 3, 14.99
1569771264, 0, 63, 122, 119, 9, 0.25%, 6, 0, 3, 15.37
1569771306, 0, 63, 123, 120, 9, 0.25%, 6, 0, 3, 15.36
1569771352, 0, 63, 123, 120, 9, 0.25%, 7, 0, 3, 14.54
1569771362, 0, 63, 123, 120, 9, 0.25%, 8, 0, 3, 14.33
1569771388, 0, 63, 124, 121, 9, 0.25%, 8, 0, 3, 14.72
1569771439, 0, 85, 124, 120, 9, 0.25%, 8, 0, 3, 14.63
1569771920, 0, 85, 124, 120, 9, 0.25%, 9, 0, 3, 15.26
